# Camera list with one line of data per camera:
#   CAMERA_ID, MODEL, WIDTH, HEIGHT, PARAMS[]
# Number of cameras: 134
1 1 640 480 492.68967 492.6062 323.59485 234.65974
2 1 640 480 492.68967 492.6062 323.59485 234.65974
3 1 640 480 492.68967 492.6062 323.59485 234.65974
4 1 640 480 492.68967 492.6062 323.59485 234.65974
5 1 640 480 492.68967 492.6062 323.59485 234.65974
6 1 640 480 492.68967 492.6062 323.59485 234.65974
7 1 640 480 492.68967 492.6062 323.59485 234.65974
8 1 640 480 492.68967 492.6062 323.59485 234.65974
9 1 640 480 492.68967 492.6062 323.59485 234.65974
10 1 640 480 492.68967 492.6062 323.59485 234.65974
11 1 640 480 492.68967 492.6062 323.59485 234.65974
12 1 640 480 492.68967 492.6062 323.59485 234.65974
13 1 640 480 492.68967 492.6062 323.59485 234.65974
14 1 640 480 492.68967 492.6062 323.59485 234.65974
15 1 640 480 492.68967 492.6062 323.59485 234.65974
16 1 640 480 492.68967 492.6062 323.59485 234.65974
17 1 640 480 492.68967 492.6062 323.59485 234.65974
18 1 640 480 492.68967 492.6062 323.59485 234.65974
19 1 640 480 492.68967 492.6062 323.59485 234.65974
20 1 640 480 492.68967 492.6062 323.59485 234.65974
21 1 640 480 492.68967 492.6062 323.59485 234.65974
22 1 640 480 492.68967 492.6062 323.59485 234.65974
23 1 640 480 492.68967 492.6062 323.59485 234.65974
24 1 640 480 492.68967 492.6062 323.59485 234.65974
25 1 640 480 492.68967 492.6062 323.59485 234.65974
26 1 640 480 492.68967 492.6062 323.59485 234.65974
27 1 640 480 492.68967 492.6062 323.59485 234.65974
28 1 640 480 492.68967 492.6062 323.59485 234.65974
29 1 640 480 492.68967 492.6062 323.59485 234.65974
30 1 640 480 492.68967 492.6062 323.59485 234.65974
31 1 640 480 492.68967 492.6062 323.59485 234.65974
32 1 640 480 492.68967 492.6062 323.59485 234.65974
33 1 640 480 492.68967 492.6062 323.59485 234.65974
34 1 640 480 492.68967 492.6062 323.59485 234.65974
35 1 640 480 492.68967 492.6062 323.59485 234.65974
36 1 640 480 492.68967 492.6062 323.59485 234.65974
37 1 640 480 492.68967 492.6062 323.59485 234.65974
38 1 640 480 492.68967 492.6062 323.59485 234.65974
39 1 640 480 492.68967 492.6062 323.59485 234.65974
40 1 640 480 492.68967 492.6062 323.59485 234.65974
41 1 640 480 492.68967 492.6062 323.59485 234.65974
42 1 640 480 492.68967 492.6062 323.59485 234.65974
43 1 640 480 492.68967 492.6062 323.59485 234.65974
44 1 640 480 492.68967 492.6062 323.59485 234.65974
45 1 640 480 492.68967 492.6062 323.59485 234.65974
46 1 640 480 492.68967 492.6062 323.59485 234.65974
47 1 640 480 492.68967 492.6062 323.59485 234.65974
48 1 640 480 492.68967 492.6062 323.59485 234.65974
49 1 640 480 492.68967 492.6062 323.59485 234.65974
50 1 640 480 492.68967 492.6062 323.59485 234.65974
51 1 640 480 492.68967 492.6062 323.59485 234.65974
52 1 640 480 492.68967 492.6062 323.59485 234.65974
53 1 640 480 492.68967 492.6062 323.59485 234.65974
54 1 640 480 492.68967 492.6062 323.59485 234.65974
55 1 640 480 492.68967 492.6062 323.59485 234.65974
56 1 640 480 492.68967 492.6062 323.59485 234.65974
57 1 640 480 492.68967 492.6062 323.59485 234.65974
58 1 640 480 492.68967 492.6062 323.59485 234.65974
59 1 640 480 492.68967 492.6062 323.59485 234.65974
60 1 640 480 492.68967 492.6062 323.59485 234.65974
61 1 640 480 492.68967 492.6062 323.59485 234.65974
62 1 640 480 492.68967 492.6062 323.59485 234.65974
63 1 640 480 492.68967 492.6062 323.59485 234.65974
64 1 640 480 492.68967 492.6062 323.59485 234.65974
65 1 640 480 492.68967 492.6062 323.59485 234.65974
66 1 640 480 492.68967 492.6062 323.59485 234.65974
67 1 640 480 492.68967 492.6062 323.59485 234.65974
68 1 640 480 492.68967 492.6062 323.59485 234.65974
69 1 640 480 492.68967 492.6062 323.59485 234.65974
70 1 640 480 492.68967 492.6062 323.59485 234.65974
71 1 640 480 492.68967 492.6062 323.59485 234.65974
72 1 640 480 492.68967 492.6062 323.59485 234.65974
73 1 640 480 492.68967 492.6062 323.59485 234.65974
74 1 640 480 492.68967 492.6062 323.59485 234.65974
75 1 640 480 492.68967 492.6062 323.59485 234.65974
76 1 640 480 492.68967 492.6062 323.59485 234.65974
77 1 640 480 492.68967 492.6062 323.59485 234.65974
78 1 640 480 492.68967 492.6062 323.59485 234.65974
79 1 640 480 492.68967 492.6062 323.59485 234.65974
80 1 640 480 492.68967 492.6062 323.59485 234.65974
81 1 640 480 492.68967 492.6062 323.59485 234.65974
82 1 640 480 492.68967 492.6062 323.59485 234.65974
83 1 640 480 492.68967 492.6062 323.59485 234.65974
84 1 640 480 492.68967 492.6062 323.59485 234.65974
85 1 640 480 492.68967 492.6062 323.59485 234.65974
86 1 640 480 492.68967 492.6062 323.59485 234.65974
87 1 640 480 492.68967 492.6062 323.59485 234.65974
88 1 640 480 492.68967 492.6062 323.59485 234.65974
89 1 640 480 492.68967 492.6062 323.59485 234.65974
90 1 640 480 492.68967 492.6062 323.59485 234.65974
91 1 640 480 492.68967 492.6062 323.59485 234.65974
92 1 640 480 492.68967 492.6062 323.59485 234.65974
93 1 640 480 492.68967 492.6062 323.59485 234.65974
94 1 640 480 492.68967 492.6062 323.59485 234.65974
95 1 640 480 492.68967 492.6062 323.59485 234.65974
96 1 640 480 492.68967 492.6062 323.59485 234.65974
97 1 640 480 492.68967 492.6062 323.59485 234.65974
98 1 640 480 492.68967 492.6062 323.59485 234.65974
99 1 640 480 492.68967 492.6062 323.59485 234.65974
100 1 640 480 492.68967 492.6062 323.59485 234.65974
101 1 640 480 492.68967 492.6062 323.59485 234.65974
102 1 640 480 492.68967 492.6062 323.59485 234.65974
103 1 640 480 492.68967 492.6062 323.59485 234.65974
104 1 640 480 492.68967 492.6062 323.59485 234.65974
105 1 640 480 492.68967 492.6062 323.59485 234.65974
106 1 640 480 492.68967 492.6062 323.59485 234.65974
107 1 640 480 492.68967 492.6062 323.59485 234.65974
108 1 640 480 492.68967 492.6062 323.59485 234.65974
109 1 640 480 492.68967 492.6062 323.59485 234.65974
110 1 640 480 492.68967 492.6062 323.59485 234.65974
111 1 640 480 492.68967 492.6062 323.59485 234.65974
112 1 640 480 492.68967 492.6062 323.59485 234.65974
113 1 640 480 492.68967 492.6062 323.59485 234.65974
114 1 640 480 492.68967 492.6062 323.59485 234.65974
115 1 640 480 492.68967 492.6062 323.59485 234.65974
116 1 640 480 492.68967 492.6062 323.59485 234.65974
117 1 640 480 492.68967 492.6062 323.59485 234.65974
118 1 640 480 492.68967 492.6062 323.59485 234.65974
119 1 640 480 492.68967 492.6062 323.59485 234.65974
120 1 640 480 492.68967 492.6062 323.59485 234.65974
121 1 640 480 492.68967 492.6062 323.59485 234.65974
122 1 640 480 492.68967 492.6062 323.59485 234.65974
123 1 640 480 492.68967 492.6062 323.59485 234.65974
124 1 640 480 492.68967 492.6062 323.59485 234.65974
125 1 640 480 492.68967 492.6062 323.59485 234.65974
126 1 640 480 492.68967 492.6062 323.59485 234.65974
127 1 640 480 492.68967 492.6062 323.59485 234.65974
128 1 640 480 492.68967 492.6062 323.59485 234.65974
129 1 640 480 492.68967 492.6062 323.59485 234.65974
130 1 640 480 492.68967 492.6062 323.59485 234.65974
131 1 640 480 492.68967 492.6062 323.59485 234.65974
132 1 640 480 492.68967 492.6062 323.59485 234.65974
133 1 640 480 492.68967 492.6062 323.59485 234.65974
134 1 640 480 492.68967 492.6062 323.59485 234.65974
